{
 "cells": [
  {
   "cell_type": "code",
   "execution_count": 26,
   "metadata": {},
   "outputs": [],
   "source": [
    "import numpy as np\n",
    "import pandas as pd"
   ]
  },
  {
   "cell_type": "code",
   "execution_count": 108,
   "metadata": {},
   "outputs": [
    {
     "data": {
      "text/plain": [
       "array([[0.99894909, 0.77740263, 0.25890385],\n",
       "       [0.22885958, 0.43627206, 0.76685141],\n",
       "       [0.6327964 , 0.17118109, 0.59136911],\n",
       "       [0.43108605, 0.85909149, 0.14428783],\n",
       "       [0.41727038, 0.09570746, 0.25796165],\n",
       "       [0.2369887 , 0.32608494, 0.76342621],\n",
       "       [0.01631636, 0.27988925, 0.22076937],\n",
       "       [0.27444475, 0.31280122, 0.34379702],\n",
       "       [0.57652269, 0.87179495, 0.09462405],\n",
       "       [0.39895759, 0.40929164, 0.46944467],\n",
       "       [0.16710502, 0.06776328, 0.8408526 ],\n",
       "       [0.44140075, 0.83113726, 0.7128345 ],\n",
       "       [0.32383598, 0.64328211, 0.26822637],\n",
       "       [0.2901733 , 0.81228958, 0.26670601],\n",
       "       [0.3153814 , 0.97533584, 0.0061348 ],\n",
       "       [0.32342209, 0.18735399, 0.33629702],\n",
       "       [0.9142811 , 0.60858959, 0.03103322],\n",
       "       [0.52111413, 0.30687227, 0.64578557],\n",
       "       [0.05478864, 0.14333909, 0.06733862],\n",
       "       [0.49325445, 0.65754029, 0.54590699],\n",
       "       [0.50362758, 0.12129133, 0.9768378 ],\n",
       "       [0.12831009, 0.32005845, 0.1530337 ],\n",
       "       [0.47802505, 0.4836487 , 0.94553549],\n",
       "       [0.82149228, 0.94185807, 0.4639538 ],\n",
       "       [0.36929946, 0.02386981, 0.08928307],\n",
       "       [0.96464599, 0.60139998, 0.50724922],\n",
       "       [0.66708235, 0.96857626, 0.83345643],\n",
       "       [0.68475311, 0.14007863, 0.26238577],\n",
       "       [0.57657571, 0.44366294, 0.67889738],\n",
       "       [0.05883954, 0.89492222, 0.05604391],\n",
       "       [0.03737263, 0.16708981, 0.84101451],\n",
       "       [0.94217906, 0.26170205, 0.74291595],\n",
       "       [0.36771281, 0.09910851, 0.48177009],\n",
       "       [0.04532179, 0.94163858, 0.86458098],\n",
       "       [0.96772615, 0.18448898, 0.62256277],\n",
       "       [0.77576256, 0.57356039, 0.4205    ],\n",
       "       [0.53321899, 0.7832359 , 0.9665539 ],\n",
       "       [0.66386038, 0.35240693, 0.36925924],\n",
       "       [0.17942147, 0.74584044, 0.07682741],\n",
       "       [0.485115  , 0.75784805, 0.21856966],\n",
       "       [0.25783663, 0.05019021, 0.45117147],\n",
       "       [0.82674108, 0.96722736, 0.3980253 ],\n",
       "       [0.75672759, 0.41463193, 0.25886014],\n",
       "       [0.86390747, 0.37388381, 0.28598733],\n",
       "       [0.08011945, 0.38241125, 0.69397186],\n",
       "       [0.35827346, 0.8742347 , 0.67802277],\n",
       "       [0.43962069, 0.433573  , 0.77918239],\n",
       "       [0.58897842, 0.90614496, 0.30002043],\n",
       "       [0.2803545 , 0.77540234, 0.97163205],\n",
       "       [0.25424652, 0.95878294, 0.25625874]])"
      ]
     },
     "execution_count": 108,
     "metadata": {},
     "output_type": "execute_result"
    }
   ],
   "source": [
    "points = np.random.uniform(0,1,(50,3))\n",
    "points"
   ]
  },
  {
   "cell_type": "code",
   "execution_count": 109,
   "metadata": {},
   "outputs": [],
   "source": [
    "# points = np.repeat([[1,4,3]],50,axis=0)\n",
    "# points"
   ]
  },
  {
   "cell_type": "code",
   "execution_count": null,
   "metadata": {},
   "outputs": [],
   "source": []
  },
  {
   "cell_type": "code",
   "execution_count": 110,
   "metadata": {},
   "outputs": [],
   "source": [
    "p1 = [1,4,3]"
   ]
  },
  {
   "cell_type": "code",
   "execution_count": null,
   "metadata": {},
   "outputs": [],
   "source": []
  },
  {
   "cell_type": "code",
   "execution_count": 111,
   "metadata": {},
   "outputs": [
    {
     "data": {
      "text/plain": [
       "array([[1.99894909, 4.77740263, 3.25890385],\n",
       "       [1.22885958, 4.43627206, 3.76685141],\n",
       "       [1.6327964 , 4.17118109, 3.59136911],\n",
       "       [1.43108605, 4.85909149, 3.14428783],\n",
       "       [1.41727038, 4.09570746, 3.25796165],\n",
       "       [1.2369887 , 4.32608494, 3.76342621],\n",
       "       [1.01631636, 4.27988925, 3.22076937],\n",
       "       [1.27444475, 4.31280122, 3.34379702],\n",
       "       [1.57652269, 4.87179495, 3.09462405],\n",
       "       [1.39895759, 4.40929164, 3.46944467],\n",
       "       [1.16710502, 4.06776328, 3.8408526 ],\n",
       "       [1.44140075, 4.83113726, 3.7128345 ],\n",
       "       [1.32383598, 4.64328211, 3.26822637],\n",
       "       [1.2901733 , 4.81228958, 3.26670601],\n",
       "       [1.3153814 , 4.97533584, 3.0061348 ],\n",
       "       [1.32342209, 4.18735399, 3.33629702],\n",
       "       [1.9142811 , 4.60858959, 3.03103322],\n",
       "       [1.52111413, 4.30687227, 3.64578557],\n",
       "       [1.05478864, 4.14333909, 3.06733862],\n",
       "       [1.49325445, 4.65754029, 3.54590699],\n",
       "       [1.50362758, 4.12129133, 3.9768378 ],\n",
       "       [1.12831009, 4.32005845, 3.1530337 ],\n",
       "       [1.47802505, 4.4836487 , 3.94553549],\n",
       "       [1.82149228, 4.94185807, 3.4639538 ],\n",
       "       [1.36929946, 4.02386981, 3.08928307],\n",
       "       [1.96464599, 4.60139998, 3.50724922],\n",
       "       [1.66708235, 4.96857626, 3.83345643],\n",
       "       [1.68475311, 4.14007863, 3.26238577],\n",
       "       [1.57657571, 4.44366294, 3.67889738],\n",
       "       [1.05883954, 4.89492222, 3.05604391],\n",
       "       [1.03737263, 4.16708981, 3.84101451],\n",
       "       [1.94217906, 4.26170205, 3.74291595],\n",
       "       [1.36771281, 4.09910851, 3.48177009],\n",
       "       [1.04532179, 4.94163858, 3.86458098],\n",
       "       [1.96772615, 4.18448898, 3.62256277],\n",
       "       [1.77576256, 4.57356039, 3.4205    ],\n",
       "       [1.53321899, 4.7832359 , 3.9665539 ],\n",
       "       [1.66386038, 4.35240693, 3.36925924],\n",
       "       [1.17942147, 4.74584044, 3.07682741],\n",
       "       [1.485115  , 4.75784805, 3.21856966],\n",
       "       [1.25783663, 4.05019021, 3.45117147],\n",
       "       [1.82674108, 4.96722736, 3.3980253 ],\n",
       "       [1.75672759, 4.41463193, 3.25886014],\n",
       "       [1.86390747, 4.37388381, 3.28598733],\n",
       "       [1.08011945, 4.38241125, 3.69397186],\n",
       "       [1.35827346, 4.8742347 , 3.67802277],\n",
       "       [1.43962069, 4.433573  , 3.77918239],\n",
       "       [1.58897842, 4.90614496, 3.30002043],\n",
       "       [1.2803545 , 4.77540234, 3.97163205],\n",
       "       [1.25424652, 4.95878294, 3.25625874]])"
      ]
     },
     "execution_count": 111,
     "metadata": {},
     "output_type": "execute_result"
    }
   ],
   "source": [
    "points = points + p1\n",
    "points"
   ]
  },
  {
   "cell_type": "code",
   "execution_count": 112,
   "metadata": {},
   "outputs": [
    {
     "data": {
      "text/plain": [
       "(50, 3)"
      ]
     },
     "execution_count": 112,
     "metadata": {},
     "output_type": "execute_result"
    }
   ],
   "source": [
    "points.shape"
   ]
  },
  {
   "cell_type": "code",
   "execution_count": null,
   "metadata": {},
   "outputs": [],
   "source": []
  },
  {
   "cell_type": "code",
   "execution_count": 113,
   "metadata": {},
   "outputs": [],
   "source": [
    "# for i in points:\n",
    "#     np.append(i, value=1, axis=1)\n",
    "# points"
   ]
  },
  {
   "cell_type": "code",
   "execution_count": 114,
   "metadata": {},
   "outputs": [
    {
     "data": {
      "text/plain": [
       "numpy.ndarray"
      ]
     },
     "execution_count": 114,
     "metadata": {},
     "output_type": "execute_result"
    }
   ],
   "source": [
    "type(points)"
   ]
  },
  {
   "cell_type": "code",
   "execution_count": 115,
   "metadata": {},
   "outputs": [],
   "source": [
    "a = np.ones((50,1))"
   ]
  },
  {
   "cell_type": "code",
   "execution_count": 116,
   "metadata": {},
   "outputs": [
    {
     "data": {
      "text/plain": [
       "array([[1.99894909, 4.77740263, 3.25890385, 1.        ],\n",
       "       [1.22885958, 4.43627206, 3.76685141, 1.        ],\n",
       "       [1.6327964 , 4.17118109, 3.59136911, 1.        ],\n",
       "       [1.43108605, 4.85909149, 3.14428783, 1.        ],\n",
       "       [1.41727038, 4.09570746, 3.25796165, 1.        ],\n",
       "       [1.2369887 , 4.32608494, 3.76342621, 1.        ],\n",
       "       [1.01631636, 4.27988925, 3.22076937, 1.        ],\n",
       "       [1.27444475, 4.31280122, 3.34379702, 1.        ],\n",
       "       [1.57652269, 4.87179495, 3.09462405, 1.        ],\n",
       "       [1.39895759, 4.40929164, 3.46944467, 1.        ],\n",
       "       [1.16710502, 4.06776328, 3.8408526 , 1.        ],\n",
       "       [1.44140075, 4.83113726, 3.7128345 , 1.        ],\n",
       "       [1.32383598, 4.64328211, 3.26822637, 1.        ],\n",
       "       [1.2901733 , 4.81228958, 3.26670601, 1.        ],\n",
       "       [1.3153814 , 4.97533584, 3.0061348 , 1.        ],\n",
       "       [1.32342209, 4.18735399, 3.33629702, 1.        ],\n",
       "       [1.9142811 , 4.60858959, 3.03103322, 1.        ],\n",
       "       [1.52111413, 4.30687227, 3.64578557, 1.        ],\n",
       "       [1.05478864, 4.14333909, 3.06733862, 1.        ],\n",
       "       [1.49325445, 4.65754029, 3.54590699, 1.        ],\n",
       "       [1.50362758, 4.12129133, 3.9768378 , 1.        ],\n",
       "       [1.12831009, 4.32005845, 3.1530337 , 1.        ],\n",
       "       [1.47802505, 4.4836487 , 3.94553549, 1.        ],\n",
       "       [1.82149228, 4.94185807, 3.4639538 , 1.        ],\n",
       "       [1.36929946, 4.02386981, 3.08928307, 1.        ],\n",
       "       [1.96464599, 4.60139998, 3.50724922, 1.        ],\n",
       "       [1.66708235, 4.96857626, 3.83345643, 1.        ],\n",
       "       [1.68475311, 4.14007863, 3.26238577, 1.        ],\n",
       "       [1.57657571, 4.44366294, 3.67889738, 1.        ],\n",
       "       [1.05883954, 4.89492222, 3.05604391, 1.        ],\n",
       "       [1.03737263, 4.16708981, 3.84101451, 1.        ],\n",
       "       [1.94217906, 4.26170205, 3.74291595, 1.        ],\n",
       "       [1.36771281, 4.09910851, 3.48177009, 1.        ],\n",
       "       [1.04532179, 4.94163858, 3.86458098, 1.        ],\n",
       "       [1.96772615, 4.18448898, 3.62256277, 1.        ],\n",
       "       [1.77576256, 4.57356039, 3.4205    , 1.        ],\n",
       "       [1.53321899, 4.7832359 , 3.9665539 , 1.        ],\n",
       "       [1.66386038, 4.35240693, 3.36925924, 1.        ],\n",
       "       [1.17942147, 4.74584044, 3.07682741, 1.        ],\n",
       "       [1.485115  , 4.75784805, 3.21856966, 1.        ],\n",
       "       [1.25783663, 4.05019021, 3.45117147, 1.        ],\n",
       "       [1.82674108, 4.96722736, 3.3980253 , 1.        ],\n",
       "       [1.75672759, 4.41463193, 3.25886014, 1.        ],\n",
       "       [1.86390747, 4.37388381, 3.28598733, 1.        ],\n",
       "       [1.08011945, 4.38241125, 3.69397186, 1.        ],\n",
       "       [1.35827346, 4.8742347 , 3.67802277, 1.        ],\n",
       "       [1.43962069, 4.433573  , 3.77918239, 1.        ],\n",
       "       [1.58897842, 4.90614496, 3.30002043, 1.        ],\n",
       "       [1.2803545 , 4.77540234, 3.97163205, 1.        ],\n",
       "       [1.25424652, 4.95878294, 3.25625874, 1.        ]])"
      ]
     },
     "execution_count": 116,
     "metadata": {},
     "output_type": "execute_result"
    }
   ],
   "source": [
    "points = np.append(points, a, axis=1)\n",
    "points"
   ]
  },
  {
   "cell_type": "code",
   "execution_count": 128,
   "metadata": {},
   "outputs": [],
   "source": [
    "# diagonal = np.eye(4)\n",
    "# diagonal"
   ]
  },
  {
   "cell_type": "code",
   "execution_count": 129,
   "metadata": {},
   "outputs": [
    {
     "data": {
      "text/plain": [
       "array([[1, 0, 0, 0],\n",
       "       [0, 1, 0, 0],\n",
       "       [0, 0, 1, 0]])"
      ]
     },
     "execution_count": 129,
     "metadata": {},
     "output_type": "execute_result"
    }
   ],
   "source": [
    "P1 = [[1, 0, 0, 0], [0, 1, 0, 0], [0, 0, 1, 0]]\n",
    "np.array(P1)"
   ]
  },
  {
   "cell_type": "code",
   "execution_count": 118,
   "metadata": {},
   "outputs": [],
   "source": [
    "# p = hstack(p,np.ones(50,1))"
   ]
  },
  {
   "cell_type": "code",
   "execution_count": 130,
   "metadata": {},
   "outputs": [
    {
     "data": {
      "text/plain": [
       "(50, 4)"
      ]
     },
     "execution_count": 130,
     "metadata": {},
     "output_type": "execute_result"
    }
   ],
   "source": [
    "points.shape"
   ]
  },
  {
   "cell_type": "code",
   "execution_count": 131,
   "metadata": {},
   "outputs": [
    {
     "data": {
      "text/plain": [
       "array([[1.99894909, 1.22885958, 1.6327964 , 1.43108605, 1.41727038,\n",
       "        1.2369887 , 1.01631636, 1.27444475, 1.57652269, 1.39895759,\n",
       "        1.16710502, 1.44140075, 1.32383598, 1.2901733 , 1.3153814 ,\n",
       "        1.32342209, 1.9142811 , 1.52111413, 1.05478864, 1.49325445,\n",
       "        1.50362758, 1.12831009, 1.47802505, 1.82149228, 1.36929946,\n",
       "        1.96464599, 1.66708235, 1.68475311, 1.57657571, 1.05883954,\n",
       "        1.03737263, 1.94217906, 1.36771281, 1.04532179, 1.96772615,\n",
       "        1.77576256, 1.53321899, 1.66386038, 1.17942147, 1.485115  ,\n",
       "        1.25783663, 1.82674108, 1.75672759, 1.86390747, 1.08011945,\n",
       "        1.35827346, 1.43962069, 1.58897842, 1.2803545 , 1.25424652],\n",
       "       [4.77740263, 4.43627206, 4.17118109, 4.85909149, 4.09570746,\n",
       "        4.32608494, 4.27988925, 4.31280122, 4.87179495, 4.40929164,\n",
       "        4.06776328, 4.83113726, 4.64328211, 4.81228958, 4.97533584,\n",
       "        4.18735399, 4.60858959, 4.30687227, 4.14333909, 4.65754029,\n",
       "        4.12129133, 4.32005845, 4.4836487 , 4.94185807, 4.02386981,\n",
       "        4.60139998, 4.96857626, 4.14007863, 4.44366294, 4.89492222,\n",
       "        4.16708981, 4.26170205, 4.09910851, 4.94163858, 4.18448898,\n",
       "        4.57356039, 4.7832359 , 4.35240693, 4.74584044, 4.75784805,\n",
       "        4.05019021, 4.96722736, 4.41463193, 4.37388381, 4.38241125,\n",
       "        4.8742347 , 4.433573  , 4.90614496, 4.77540234, 4.95878294],\n",
       "       [3.25890385, 3.76685141, 3.59136911, 3.14428783, 3.25796165,\n",
       "        3.76342621, 3.22076937, 3.34379702, 3.09462405, 3.46944467,\n",
       "        3.8408526 , 3.7128345 , 3.26822637, 3.26670601, 3.0061348 ,\n",
       "        3.33629702, 3.03103322, 3.64578557, 3.06733862, 3.54590699,\n",
       "        3.9768378 , 3.1530337 , 3.94553549, 3.4639538 , 3.08928307,\n",
       "        3.50724922, 3.83345643, 3.26238577, 3.67889738, 3.05604391,\n",
       "        3.84101451, 3.74291595, 3.48177009, 3.86458098, 3.62256277,\n",
       "        3.4205    , 3.9665539 , 3.36925924, 3.07682741, 3.21856966,\n",
       "        3.45117147, 3.3980253 , 3.25886014, 3.28598733, 3.69397186,\n",
       "        3.67802277, 3.77918239, 3.30002043, 3.97163205, 3.25625874]])"
      ]
     },
     "execution_count": 131,
     "metadata": {},
     "output_type": "execute_result"
    }
   ],
   "source": [
    "q = np.dot(P1, q.T)\n",
    "q"
   ]
  },
  {
   "cell_type": "code",
   "execution_count": 136,
   "metadata": {},
   "outputs": [],
   "source": [
    "# for i in points.shape:\n",
    "#     print(\"1\")"
   ]
  },
  {
   "cell_type": "code",
   "execution_count": 132,
   "metadata": {},
   "outputs": [
    {
     "name": "stdout",
     "output_type": "stream",
     "text": [
      "[1.22424884 1.1453357  0.9074266 ]\n",
      "[0.75261042 1.06355298 1.04886223]\n"
     ]
    }
   ],
   "source": [
    "u1 = q[:,0]/q[:,2]\n",
    "v1 = q[:,1]/q[:,2]\n",
    "print(u1)\n",
    "print(v1)"
   ]
  },
  {
   "cell_type": "code",
   "execution_count": 135,
   "metadata": {},
   "outputs": [
    {
     "name": "stdout",
     "output_type": "stream",
     "text": [
      "[[ 0.866  0.25   0.433]\n",
      " [ 0.     0.866 -0.5  ]\n",
      " [-0.5    0.433  0.75 ]]\n",
      "[[-0.4  0.3  0.6]]\n"
     ]
    }
   ],
   "source": [
    "R =np.array([[0.8660, 0.2500, 0.4330],[0, 0.8660, -0.5000],[-0.5000,0.4330, 0.7500]])\n",
    "T = np.array([[-0.4, 0.3, 0.6]])\n",
    "print(R)\n",
    "print(T)"
   ]
  },
  {
   "cell_type": "code",
   "execution_count": null,
   "metadata": {},
   "outputs": [],
   "source": []
  },
  {
   "cell_type": "code",
   "execution_count": null,
   "metadata": {},
   "outputs": [],
   "source": []
  },
  {
   "cell_type": "code",
   "execution_count": null,
   "metadata": {},
   "outputs": [],
   "source": []
  },
  {
   "cell_type": "code",
   "execution_count": null,
   "metadata": {},
   "outputs": [],
   "source": []
  },
  {
   "cell_type": "code",
   "execution_count": null,
   "metadata": {},
   "outputs": [],
   "source": []
  },
  {
   "cell_type": "markdown",
   "metadata": {},
   "source": [
    "# Solution"
   ]
  },
  {
   "cell_type": "code",
   "execution_count": 2,
   "metadata": {},
   "outputs": [],
   "source": [
    "# Lab exercise 1:\n",
    "\n",
    "# Ajad Chhatkuli\n",
    "# Uses python 2.7 -> just change the print for 3\n",
    "# Note: You might need additional library to plot\n",
    "import numpy as np\n",
    "import matplotlib.pyplot as plt\n",
    "from mpl_toolkits.mplot3d import Axes3D"
   ]
  },
  {
   "cell_type": "code",
   "execution_count": 22,
   "metadata": {},
   "outputs": [
    {
     "name": "stdout",
     "output_type": "stream",
     "text": [
      "(3, 50)\n",
      "[[0.61898592 0.12830197 0.60706197 0.51927908 0.01572479 0.7183861\n",
      "  0.52555412 0.50949404 0.3957513  0.86763125 0.82595927 0.24254768\n",
      "  0.6403535  0.84520248 0.01437155 0.67879672 0.78498205 0.95467751\n",
      "  0.9170851  0.8213124  0.80506954 0.1921145  0.52621776 0.41073835\n",
      "  0.17121477 0.85557304 0.38622809 0.92687275 0.82395506 0.70884082\n",
      "  0.63148872 0.0017982  0.35146182 0.87854241 0.59062937 0.67717501\n",
      "  0.36817552 0.93225073 0.24060877 0.76042801 0.42038701 0.45573697\n",
      "  0.01791175 0.37661459 0.64659475 0.3032323  0.78856375 0.29389009\n",
      "  0.10564367 0.13280982]\n",
      " [0.15394984 0.6664229  0.58896842 0.96769004 0.2490901  0.24961694\n",
      "  0.85537452 0.33060457 0.21387485 0.019386   0.33267256 0.30421461\n",
      "  0.45390773 0.20437126 0.92683093 0.68545323 0.39846898 0.84798744\n",
      "  0.73578286 0.42437115 0.18514    0.0963685  0.55272548 0.60219429\n",
      "  0.50460647 0.31945797 0.79816541 0.36786859 0.86591678 0.52056665\n",
      "  0.77583986 0.60527179 0.0438651  0.46467108 0.81878176 0.06946138\n",
      "  0.26750652 0.30216242 0.12199892 0.50207362 0.05712968 0.34093249\n",
      "  0.52707707 0.64490017 0.25034214 0.36944433 0.77243405 0.74172533\n",
      "  0.06285297 0.74545221]\n",
      " [0.11863112 0.55505855 0.00712383 0.71762496 0.84086612 0.29576023\n",
      "  0.4456034  0.86389429 0.64377254 0.8752035  0.08402301 0.29472772\n",
      "  0.35792091 0.15614022 0.82962134 0.16863519 0.6468969  0.64896802\n",
      "  0.01583456 0.31729704 0.41979725 0.63698787 0.64891861 0.01539111\n",
      "  0.69555126 0.17907121 0.65233937 0.22509997 0.15411822 0.12381184\n",
      "  0.71684083 0.848402   0.51418877 0.27978437 0.40315732 0.55780759\n",
      "  0.02712098 0.49680919 0.43375157 0.14799969 0.41893257 0.63638622\n",
      "  0.6151627  0.28205859 0.51712423 0.04351482 0.36787203 0.42816831\n",
      "  0.4174134  0.4086546 ]]\n",
      "\n",
      " \n",
      "Offset p :\n",
      " [[1.61898592 1.12830197 1.60706197 1.51927908 1.01572479 1.7183861\n",
      "  1.52555412 1.50949404 1.3957513  1.86763125 1.82595927 1.24254768\n",
      "  1.6403535  1.84520248 1.01437155 1.67879672 1.78498205 1.95467751\n",
      "  1.9170851  1.8213124  1.80506954 1.1921145  1.52621776 1.41073835\n",
      "  1.17121477 1.85557304 1.38622809 1.92687275 1.82395506 1.70884082\n",
      "  1.63148872 1.0017982  1.35146182 1.87854241 1.59062937 1.67717501\n",
      "  1.36817552 1.93225073 1.24060877 1.76042801 1.42038701 1.45573697\n",
      "  1.01791175 1.37661459 1.64659475 1.3032323  1.78856375 1.29389009\n",
      "  1.10564367 1.13280982]\n",
      " [1.15394984 1.6664229  1.58896842 1.96769004 1.2490901  1.24961694\n",
      "  1.85537452 1.33060457 1.21387485 1.019386   1.33267256 1.30421461\n",
      "  1.45390773 1.20437126 1.92683093 1.68545323 1.39846898 1.84798744\n",
      "  1.73578286 1.42437115 1.18514    1.0963685  1.55272548 1.60219429\n",
      "  1.50460647 1.31945797 1.79816541 1.36786859 1.86591678 1.52056665\n",
      "  1.77583986 1.60527179 1.0438651  1.46467108 1.81878176 1.06946138\n",
      "  1.26750652 1.30216242 1.12199892 1.50207362 1.05712968 1.34093249\n",
      "  1.52707707 1.64490017 1.25034214 1.36944433 1.77243405 1.74172533\n",
      "  1.06285297 1.74545221]\n",
      " [4.11863112 4.55505855 4.00712383 4.71762496 4.84086612 4.29576023\n",
      "  4.4456034  4.86389429 4.64377254 4.8752035  4.08402301 4.29472772\n",
      "  4.35792091 4.15614022 4.82962134 4.16863519 4.6468969  4.64896802\n",
      "  4.01583456 4.31729704 4.41979725 4.63698787 4.64891861 4.01539111\n",
      "  4.69555126 4.17907121 4.65233937 4.22509997 4.15411822 4.12381184\n",
      "  4.71684083 4.848402   4.51418877 4.27978437 4.40315732 4.55780759\n",
      "  4.02712098 4.49680919 4.43375157 4.14799969 4.41893257 4.63638622\n",
      "  4.6151627  4.28205859 4.51712423 4.04351482 4.36787203 4.42816831\n",
      "  4.4174134  4.4086546 ]]\n"
     ]
    }
   ],
   "source": [
    "# Generate 3D data -> 3x50 is preferable over 50x3\n",
    "N=50\n",
    "p = np.random.uniform(0,1,(3,N))\n",
    "p2 = p.copy()\n",
    "print(p.shape)\n",
    "print(p)\n",
    "# add [1,1,4]\n",
    "# move 3D object away from the camera with some random vector\n",
    "offset = np.repeat([[1],[1],[4]], N, axis=1)\n",
    "p = p + offset\n",
    "print('\\n \\nOffset p :\\n',p)"
   ]
  },
  {
   "cell_type": "code",
   "execution_count": 16,
   "metadata": {},
   "outputs": [
    {
     "data": {
